Feature Importance Ranking:
           Feature    Importance
 46.82943088075994  6.918322e-02
35.163736355303726  2.804814e-02
58.495125406216154  2.449691e-02
19.331722356470294  1.180455e-02
11.832347304391302  1.131132e-02
 15.99866677776852  5.458372e-03
 20.16498625114574  5.030909e-03
10.999083409715858  4.504801e-03
 18.49845846179485  4.143101e-03
23.498041829847516  4.110220e-03
27.664361303224734  3.847166e-03
 80.15998666777769  3.616993e-03
17.665194567119407  3.584112e-03
15.165402883093076  3.551230e-03
10.165819515040415  3.419703e-03
14.332138988417633  3.222412e-03
12.665611199066745  2.827831e-03
 77.66019498375137  2.762068e-03
13.498875093742189  2.400368e-03
 26.83109740854929  2.038669e-03
 80.99325056245314  1.972905e-03
 86.82609782518124  1.709851e-03
 78.49345887842681  1.644088e-03
 79.32672277310225  1.611206e-03
  70.9940838263478  1.512561e-03
 88.49262561453213  1.348152e-03
 21.83151404049663  1.183743e-03
16.831930672443963  1.150862e-03
 75.16040329972503  1.150862e-03
20.998250145821185  1.150862e-03
 70.16081993167236  1.117980e-03
 65.99450045829515  1.117980e-03
 67.66102824764603  1.052216e-03
 81.82651445712858  1.052216e-03
25.997833513873847  1.052216e-03
 87.65936171985669  1.052216e-03
 92.65894508790934  9.535710e-04
 24.33130572452296  8.549257e-04
 82.65977835180402  8.549257e-04
 33.49720856595284  8.220439e-04
25.164569619198403  7.891622e-04
 84.32630614115492  7.562804e-04
  72.6606116156987  7.233987e-04
22.664777935172072  6.905169e-04
 90.15915340388302  6.576351e-04
41.829847512707275  6.247534e-04
30.164152987251065  5.589899e-04
 31.83068077660195  4.932264e-04
 71.82734772102326  4.603446e-04
 69.32755603699692  4.603446e-04
 76.82693108907591  4.274628e-04
 29.33088909257562  4.274628e-04
 74.32713940504959  3.945811e-04
28.497625197900177  3.288176e-04
 39.33005582868095  2.630541e-04
 56.82859761686527  2.630541e-04
  32.6639446712774  2.301723e-04
 60.99491709024249  2.301723e-04
 54.32880593283893  2.301723e-04
 37.66352803933006  1.972905e-04
 60.16165319556704  1.972905e-04
 65.16123656361971  1.972905e-04
  85.9928339305058  1.644088e-04
 50.16248645946172  1.315270e-04
 73.49387551037414  1.315270e-04
62.661444879593375  9.864527e-05
51.829014248812605  9.864527e-05
 90.99241729855846  6.576351e-05
 50.99575035413716  6.576351e-05
 85.15957003583036  6.576351e-05
30.997416881926508  5.551115e-17
 35.99700024997917  5.551115e-17
40.996583618031835  5.551115e-17
 64.32797266894426  0.000000e+00
 83.49304224647946 -3.288176e-05
 48.49595867011083 -9.864527e-05
 42.66311140738272 -9.864527e-05
  59.3283893008916 -1.644088e-04
45.162903091409056 -1.644088e-04
34.330472460628286 -1.972905e-04
52.662278143488045 -1.972905e-04
 66.82776435297059 -2.301723e-04
 40.16331972335639 -2.301723e-04
 68.49429214232148 -2.630541e-04
 43.49637530205817 -2.959358e-04
 55.16206982751438 -3.616993e-04
  91.8256811932339 -3.616993e-04
 44.32963919673361 -3.616993e-04
 61.82818098491793 -3.945811e-04
 49.32922256478627 -4.932264e-04
 75.99366719440047 -4.932264e-04
45.996166986084496 -5.589899e-04
63.494708774268815 -5.918716e-04
 57.66186151154071 -6.576351e-04
 36.83026414465461 -6.905169e-04
 55.99533372218982 -7.891622e-04
 53.49554203816349 -7.891622e-04
47.662694775435384 -8.220439e-04
  38.4967919340055 -8.878074e-04
 89.32588950920757 -9.535710e-04