feature_0:
  feature_value: 0.1173, 0.1262, 0.1351, 0.1440, 0.1529, 0.1618, 0.1708, 0.1797, 0.1886, 0.1975, 0.2064, 0.2153, 0.2243, 0.2332, 0.2421, 0.2510, 0.2599, 0.2688, 0.2778, 0.2867, 0.2956, 0.3045, 0.3134, 0.3223, 0.3313, 0.3402, 0.3491, 0.3580, 0.3669, 0.3758, 0.3848, 0.3937, 0.4026, 0.4115, 0.4204, 0.4293, 0.4383, 0.4472, 0.4561, 0.4650, 0.4739, 0.4828, 0.4918, 0.5007, 0.5096, 0.5185, 0.5274, 0.5363, 0.5453, 0.5542, 0.5631, 0.5720, 0.5809, 0.5898, 0.5988, 0.6077, 0.6166, 0.6255, 0.6344, 0.6433, 0.6523, 0.6612, 0.6701, 0.6790, 0.6879, 0.6968, 0.7058, 0.7147, 0.7236, 0.7325, 0.7414, 0.7503, 0.7593, 0.7682, 0.7771, 0.7860, 0.7949, 0.8038, 0.8128, 0.8217, 0.8306, 0.8395, 0.8484, 0.8573, 0.8663, 0.8752, 0.8841, 0.8930, 0.9019, 0.9108, 0.9198, 0.9287, 0.9376, 0.9465, 0.9554, 0.9643, 0.9733, 0.9822, 0.9911, 1.0000
  average_response: 0.4546, 0.4547, 0.4547, 0.4548, 0.4548, 0.4548, 0.4548, 0.4549, 0.4549, 0.4549, 0.4549, 0.4549, 0.4549, 0.4549, 0.4548, 0.4548, 0.4548, 0.4548, 0.4547, 0.4547, 0.4546, 0.4546, 0.4545, 0.4545, 0.4544, 0.4543, 0.4542, 0.4542, 0.4541, 0.4540, 0.4539, 0.4538, 0.4536, 0.4535, 0.4534, 0.4533, 0.4532, 0.4530, 0.4529, 0.4527, 0.4526, 0.4524, 0.4523, 0.4521, 0.4519, 0.4518, 0.4516, 0.4514, 0.4512, 0.4510, 0.4508, 0.4506, 0.4504, 0.4502, 0.4499, 0.4497, 0.4495, 0.4492, 0.4490, 0.4488, 0.4485, 0.4482, 0.4480, 0.4477, 0.4474, 0.4472, 0.4469, 0.4466, 0.4463, 0.4460, 0.4457, 0.4454, 0.4451, 0.4447, 0.4444, 0.4441, 0.4437, 0.4434, 0.4430, 0.4427, 0.4423, 0.4420, 0.4416, 0.4412, 0.4408, 0.4405, 0.4401, 0.4397, 0.4393, 0.4389, 0.4384, 0.4380, 0.4376, 0.4372, 0.4367, 0.4363, 0.4358, 0.4354, 0.4349, 0.4345

feature_1:
  feature_value: 0.1063, 0.1153, 0.1244, 0.1334, 0.1424, 0.1514, 0.1605, 0.1695, 0.1785, 0.1875, 0.1966, 0.2056, 0.2146, 0.2237, 0.2327, 0.2417, 0.2507, 0.2598, 0.2688, 0.2778, 0.2868, 0.2959, 0.3049, 0.3139, 0.3230, 0.3320, 0.3410, 0.3500, 0.3591, 0.3681, 0.3771, 0.3861, 0.3952, 0.4042, 0.4132, 0.4223, 0.4313, 0.4403, 0.4493, 0.4584, 0.4674, 0.4764, 0.4854, 0.4945, 0.5035, 0.5125, 0.5216, 0.5306, 0.5396, 0.5486, 0.5577, 0.5667, 0.5757, 0.5847, 0.5938, 0.6028, 0.6118, 0.6209, 0.6299, 0.6389, 0.6479, 0.6570, 0.6660, 0.6750, 0.6840, 0.6931, 0.7021, 0.7111, 0.7202, 0.7292, 0.7382, 0.7472, 0.7563, 0.7653, 0.7743, 0.7833, 0.7924, 0.8014, 0.8104, 0.8195, 0.8285, 0.8375, 0.8465, 0.8556, 0.8646, 0.8736, 0.8826, 0.8917, 0.9007, 0.9097, 0.9188, 0.9278, 0.9368, 0.9458, 0.9549, 0.9639, 0.9729, 0.9819, 0.9910, 1.0000
  average_response: 0.4530, 0.4530, 0.4530, 0.4530, 0.4529, 0.4529, 0.4529, 0.4529, 0.4528, 0.4528, 0.4527, 0.4527, 0.4527, 0.4526, 0.4526, 0.4525, 0.4524, 0.4524, 0.4523, 0.4522, 0.4522, 0.4521, 0.4520, 0.4519, 0.4518, 0.4517, 0.4516, 0.4515, 0.4514, 0.4513, 0.4512, 0.4511, 0.4510, 0.4509, 0.4507, 0.4506, 0.4505, 0.4504, 0.4502, 0.4501, 0.4499, 0.4498, 0.4496, 0.4495, 0.4493, 0.4492, 0.4490, 0.4488, 0.4486, 0.4485, 0.4483, 0.4481, 0.4479, 0.4477, 0.4475, 0.4473, 0.4471, 0.4469, 0.4467, 0.4465, 0.4463, 0.4461, 0.4458, 0.4456, 0.4454, 0.4451, 0.4449, 0.4447, 0.4444, 0.4442, 0.4439, 0.4437, 0.4434, 0.4431, 0.4429, 0.4426, 0.4423, 0.4420, 0.4417, 0.4415, 0.4412, 0.4409, 0.4406, 0.4403, 0.4400, 0.4396, 0.4393, 0.4390, 0.4387, 0.4384, 0.4380, 0.4377, 0.4373, 0.4370, 0.4367, 0.4363, 0.4359, 0.4356, 0.4352, 0.4348

feature_2:
  feature_value: 0.1205, 0.1293, 0.1382, 0.1471, 0.1560, 0.1649, 0.1738, 0.1826, 0.1915, 0.2004, 0.2093, 0.2182, 0.2271, 0.2359, 0.2448, 0.2537, 0.2626, 0.2715, 0.2804, 0.2893, 0.2981, 0.3070, 0.3159, 0.3248, 0.3337, 0.3426, 0.3514, 0.3603, 0.3692, 0.3781, 0.3870, 0.3959, 0.4048, 0.4136, 0.4225, 0.4314, 0.4403, 0.4492, 0.4581, 0.4669, 0.4758, 0.4847, 0.4936, 0.5025, 0.5114, 0.5202, 0.5291, 0.5380, 0.5469, 0.5558, 0.5647, 0.5736, 0.5824, 0.5913, 0.6002, 0.6091, 0.6180, 0.6269, 0.6357, 0.6446, 0.6535, 0.6624, 0.6713, 0.6802, 0.6890, 0.6979, 0.7068, 0.7157, 0.7246, 0.7335, 0.7424, 0.7512, 0.7601, 0.7690, 0.7779, 0.7868, 0.7957, 0.8045, 0.8134, 0.8223, 0.8312, 0.8401, 0.8490, 0.8579, 0.8667, 0.8756, 0.8845, 0.8934, 0.9023, 0.9112, 0.9200, 0.9289, 0.9378, 0.9467, 0.9556, 0.9645, 0.9733, 0.9822, 0.9911, 1.0000
  average_response: 0.3669, 0.3684, 0.3700, 0.3715, 0.3731, 0.3746, 0.3762, 0.3777, 0.3793, 0.3808, 0.3824, 0.3839, 0.3855, 0.3870, 0.3886, 0.3902, 0.3917, 0.3933, 0.3949, 0.3964, 0.3980, 0.3995, 0.4011, 0.4027, 0.4042, 0.4058, 0.4074, 0.4089, 0.4105, 0.4121, 0.4137, 0.4152, 0.4168, 0.4184, 0.4199, 0.4215, 0.4231, 0.4247, 0.4262, 0.4278, 0.4294, 0.4309, 0.4325, 0.4341, 0.4357, 0.4372, 0.4388, 0.4404, 0.4420, 0.4435, 0.4451, 0.4467, 0.4482, 0.4498, 0.4514, 0.4530, 0.4545, 0.4561, 0.4577, 0.4592, 0.4608, 0.4624, 0.4639, 0.4655, 0.4671, 0.4686, 0.4702, 0.4718, 0.4733, 0.4749, 0.4764, 0.4780, 0.4796, 0.4811, 0.4827, 0.4842, 0.4858, 0.4874, 0.4889, 0.4905, 0.4920, 0.4936, 0.4951, 0.4966, 0.4982, 0.4997, 0.5013, 0.5028, 0.5043, 0.5059, 0.5074, 0.5089, 0.5105, 0.5120, 0.5135, 0.5150, 0.5165, 0.5181, 0.5196, 0.5211

feature_3:
  feature_value: 0.0912, 0.1004, 0.1095, 0.1187, 0.1279, 0.1371, 0.1463, 0.1554, 0.1646, 0.1738, 0.1830, 0.1922, 0.2013, 0.2105, 0.2197, 0.2289, 0.2381, 0.2472, 0.2564, 0.2656, 0.2748, 0.2840, 0.2931, 0.3023, 0.3115, 0.3207, 0.3299, 0.3390, 0.3482, 0.3574, 0.3666, 0.3758, 0.3849, 0.3941, 0.4033, 0.4125, 0.4217, 0.4308, 0.4400, 0.4492, 0.4584, 0.4676, 0.4767, 0.4859, 0.4951, 0.5043, 0.5135, 0.5226, 0.5318, 0.5410, 0.5502, 0.5594, 0.5685, 0.5777, 0.5869, 0.5961, 0.6053, 0.6144, 0.6236, 0.6328, 0.6420, 0.6512, 0.6603, 0.6695, 0.6787, 0.6879, 0.6971, 0.7062, 0.7154, 0.7246, 0.7338, 0.7430, 0.7521, 0.7613, 0.7705, 0.7797, 0.7889, 0.7980, 0.8072, 0.8164, 0.8256, 0.8348, 0.8439, 0.8531, 0.8623, 0.8715, 0.8807, 0.8898, 0.8990, 0.9082, 0.9174, 0.9266, 0.9357, 0.9449, 0.9541, 0.9633, 0.9725, 0.9816, 0.9908, 1.0000
  average_response: 0.4233, 0.4239, 0.4245, 0.4251, 0.4257, 0.4263, 0.4269, 0.4274, 0.4280, 0.4286, 0.4292, 0.4298, 0.4303, 0.4309, 0.4315, 0.4320, 0.4326, 0.4332, 0.4337, 0.4343, 0.4349, 0.4354, 0.4360, 0.4365, 0.4371, 0.4376, 0.4382, 0.4387, 0.4393, 0.4398, 0.4404, 0.4409, 0.4414, 0.4420, 0.4425, 0.4430, 0.4436, 0.4441, 0.4446, 0.4452, 0.4457, 0.4462, 0.4467, 0.4472, 0.4478, 0.4483, 0.4488, 0.4493, 0.4498, 0.4503, 0.4508, 0.4513, 0.4518, 0.4523, 0.4528, 0.4533, 0.4538, 0.4543, 0.4548, 0.4552, 0.4557, 0.4562, 0.4567, 0.4572, 0.4576, 0.4581, 0.4586, 0.4590, 0.4595, 0.4600, 0.4604, 0.4609, 0.4614, 0.4618, 0.4623, 0.4627, 0.4632, 0.4636, 0.4640, 0.4645, 0.4649, 0.4654, 0.4658, 0.4662, 0.4667, 0.4671, 0.4675, 0.4679, 0.4683, 0.4688, 0.4692, 0.4696, 0.4700, 0.4704, 0.4708, 0.4712, 0.4716, 0.4720, 0.4724, 0.4728

feature_4:
  feature_value: 0.0987, 0.1078, 0.1169, 0.1260, 0.1351, 0.1442, 0.1533, 0.1624, 0.1715, 0.1806, 0.1897, 0.1988, 0.2079, 0.2171, 0.2262, 0.2353, 0.2444, 0.2535, 0.2626, 0.2717, 0.2808, 0.2899, 0.2990, 0.3081, 0.3172, 0.3263, 0.3354, 0.3445, 0.3536, 0.3627, 0.3718, 0.3809, 0.3900, 0.3991, 0.4082, 0.4173, 0.4264, 0.4355, 0.4447, 0.4538, 0.4629, 0.4720, 0.4811, 0.4902, 0.4993, 0.5084, 0.5175, 0.5266, 0.5357, 0.5448, 0.5539, 0.5630, 0.5721, 0.5812, 0.5903, 0.5994, 0.6085, 0.6176, 0.6267, 0.6358, 0.6449, 0.6540, 0.6632, 0.6723, 0.6814, 0.6905, 0.6996, 0.7087, 0.7178, 0.7269, 0.7360, 0.7451, 0.7542, 0.7633, 0.7724, 0.7815, 0.7906, 0.7997, 0.8088, 0.8179, 0.8270, 0.8361, 0.8452, 0.8543, 0.8634, 0.8725, 0.8816, 0.8908, 0.8999, 0.9090, 0.9181, 0.9272, 0.9363, 0.9454, 0.9545, 0.9636, 0.9727, 0.9818, 0.9909, 1.0000
